49378068
2965553687
704639314
833692853
2870927711
2168579285
721747216
927242649
3346147273
964836698
2576282488
2504960780
787299266
224275042
3628912779
30206573
2765669387
2788179403
3392360437
1723490916
1862759377
2055968828
2555968128
455294032
1629289248
4184944607
209816682
2207826091
2136369644
3122756507
2807562117
3001122326
4001239694
2601089262
2968723041
2919470039
1774199437
3121021715
3663683049
3789832023
701479182
3056093090
1779780130
4055895461
1253569371
1091497605
1741680457
3191912049
3439470716
251618394
3675130547
2649741583
1704076357
1189562957
757144454
4218280760
69269724
2369919501
1800874792
1470232333
2867048690
673124708
211898926
3909198355
1068103477
1469628808
889454239
3750113064
1300199098
1518839059
1329136411
3515967188
2274075430
3247455989
3721767059
686943442
836967317
460126658
3077621260
2552752237
4235174467
2446507818
3846784141
1275708359
2546362312
761875847
4236699942
3126421210
1573795133
1995791003
354147282
1146959702
4042802596
92497194
1681444078
528730354
2372663181
303829012
581924462
629012321
2226601142
561334554
1373763908
2236658217
3619182021
1800670289
2620216370
869476607
2407232704
3046024583
1459739585
3562844384
2255025813
1461915497
1151243472
3817753403
3481815987
3398694755
3771876426
1360687992
3425351249
626969511
3961504626
1971168346
310936271
1867479521
2149496923
3455594976
2854546357
2946505717
565987348
941183501
405928837
313448639
1385296637
831445471
540527618
118797265
807377452
133351334
664707598
2888989581
3136187464
2923759962
524676790
3554072708
4044590207
2990983827
2392683521
38389717
683601802
2146177100
180766523
1431194368
2207456330
4253941347
1417892910
1391401153
2750097245
1954879605
1595492203
2217954527
3561757578
1500666864
4218403524
3289970314
2408891769
1831167451
1258670836
1430318620
531940227
4190807446
4237256304
61462568
3454918772
3819676641
3230327190
2100558794
509151282
2009107628
2992798591
1039625542
4292774412
3696381357
3985671165
2575121471
73541705
24993586
3758202926
560733318
2102798328
1526114433
1828106536
1387792047
2932931590
2769845330
106043025
590002303
2385296569
1360328094
2970632694
151160887
4258927540
3060005112
262610628
197866628
1558697446
3403567178
3203170641
3576578154
1745807956
1324414174
3713443412
4103184771
4053316489
3879773124
2956511487
1478188990
4207088485
200183957
3863965237
2540140773
4269515295
219532074
2145132585
723886280
1552599120
1447824227
1815233283
627364274
2424587272
7597068
4243104114
4006603195
1729012865
34989825
309870442
2425706194
4223871255
1314653433
2146381201
1670009790
4086840168
375088262
78908424
1033204985
1214622638
3589627160
2526588112
3170501113
1065599267
1258644488
3633137889
1659888150
2034621655
1341111097
718114002
3585015881
1833987609
4264576678
667589383
2268908082
2043616421
897487831
2717347357
235870919
2978512586
863449038
883898794
3731241380
3350395125
2804556009
3788506069
2431012353
1759741442
1092938768
1255952455
2162059200
630447501
3574806114
2832568679
2835774188
3157708793
1685313501
1927593119
517677093
1898972767
2904046427
1121870402
2720037923
1293229573
3161459022
732372598
1553783609
1940614309
2563131311
349332164
4141813310
508194133
3253681250
2653747101
3418808201
2798624150
3797747761
920495170
359655453
3888311432
2615423123
254698106
1688536834
2855345511
2673528108
1060639052
269267690
1905049989
1857136791
2999339987
521582368
861381381
3276007746
2247181222
3995601294
714326731
18758444
2190296558
3164337252
1663996128
1807868802
4063272186
2145984719
1305118136
1937184675
2836615558
3659971317
335646228
1184906195
1981707671
128385512
1054113668
3665059239
1854439236
1847601352
1929843612
1948103249
3585122998
1224019735
1654758534
604764666
3472487805
3894403737
2610780455
2095994188
3817366478
846071585
224040009
3820923077
2750592725
3449430962
2881543640
4231101192
901687588
2766973181
26390745
2752852919
1194022886
864561640
989148349
1954840525
3037451880
1088060382
869591991
3192487487
1987573296
4005653758
1302034421
598365335
2954457638
465200835
2442109067
2184759638
3422859467
998484351
1714909810
628588052
1459269691
1571402636
183180949
1654079103
2815873981
2744903886
1011585923
4174146763
2413640441
2651924649
1414950410
4196914165
3591038269
2807366750
3853756097
1468375177
857635940
1199436527
3508700642
1064087486
4218281195
1852548434
709809649
2753459736
2076108204
3684232302
1652134080
1886417548
2339126745
1959185836
1687288156
2915974039
24887883
1438257337
2673958900
3415712205
4163852548
3532172621
2705021244
3702144992
3101082150
1829737119
235138226
3553937635
4114971669
2324696870
2498233541
4052216625
766146883
1761742654
3697851490
3889894934
1855780906
4145431643
822798025
2899480655
2349052042
2234645462
2002921498
3010971592
564288329
1182734753
1986404779
3438159646
2135490749
1897690149
3934906215
2957628037
2472234398
3909038328
4213218076
2923945303
800318518
2704009443
2357239270
2478682241
2460714905
1689082173
306433781
757220402
3884693176
3980299474
2000044690
725384625
1156085305
3472344216
2853007345
3341638908
2964945692
2161598584
1023211146
3948745266
4006730524
3636078439
2175134667
2460121540
605758448
3142008996
493446639
2783114930
2059365631
576384381
1914330425
4270731543
3521220696
1611526488
335192713
1585906949
2608164601
65152951
3172833285
2253192521
2523244562
4236911223
2820144194
371255849
2538067060
3349431857
570696224
2889222659
3315075289
2193897819
1471086309
3697223944
2559339213
2420099236
4140167738
3068313288
3626042330
1090168910
1440348778
588278110
261581343
4135846028
2967938776
629227192
2935883243
1343347476
2307962485
2043769520
213013723
2009539605
2694709569
279175522
3793142814
4177003831
683285545
2769456486
113057317
3924628103
3192952963
774075567
934529364
4093354815
2863027167
3814826251
2011058499
3134255055
164800511
289101727
2635291363
2748983973
641452908
4263443796
3833808382
3835506319
4151992603
270695664
2432037633
4034046520
1911240223
1928654746
788336741
2185615847
2033889435
616113281
498372189
1545306762
293603121
1894335323
1111920570
416754609
3896972584
3907984197
2904017105
3034140425
758517953
2295105106
1435770381
2499991946
512987584
3843873319
2186235185
2151184871
2607996048
2312282515
1185427245
393895199
1269003750
673991807
3653975522
2545827239
2228476460
3811864522
2879202355
691455714
2985510752
2256066064
3482058170
1209133300
2010320187
3367519892
1955485644
1835696318
1620843544
955059305
1922853063
1097377950
4046851593
1373125421
483680700
3875792943
157459224
51002798
1949175352
1139637021
2634068266
2860275675
1826121061
1371592360
763209176
2279332728
3680054561
394940818
1843502206
3915541863
3832647374
1501407063
1038291926
3334656697
665062312
504511873
391516039
3593717192
3765792247
1369634411
2996993921
2920096366
583226874
1519052748
788136128
2606428339
341027530
2168439157
1365277968
71819439
1387454980
1034503562
3941118861
1849124472
1003595714
3645977939
2572758727
4235187173
3438660546
1287747385
451416293
2405129232
3707043832
2171763280
1486729651
2807694785
2819914031
2505672003
4175451806
3730525761
1131104415
2737186212
1057676118
2564881447
1989195067
133198746
3451837261
3233055184
2816929072
1493784654
1205950239
2882876059
3848710490
49478924
1153409946
2465791577
2566573794
3840893855
3585416582
1678135633
1668469542
1572772067
54695063
3689253305
3768194772
2880315563
3042066454
2557558338
2561805093
2030037353
4239558300
1704762104
1108872127
3987931063
1214013021
3826449416
1034950133
3707822072
1615114142
3961269331
1842695097
3915002982
4014841926
1038120256
2637147639
1701927467
3269019244
2945419793
362410939
2629729138
1861999314
163939228
3265465445
1839110995
2678902086
1673953910
4052030629
816424142
3471583620
3906101335
2775218361
100535310
2572267429
1832194385
1389371369
2363618681
2328167485
4000836482
2104351914
4031761574
902909563
714916591
2704737784
2284394508
1238401484
3695118072
3208590053
1467922859
2546641190
125601259
3467073472
744932298
2869294202
651455648
1995781665
1166965524
3946481762
3558664126
1265739200
2090122710
3443619886
75309586
3138443221
3843132830
2695866042
1031162379
15503086
3368245879
79412514
3563476108
2260467805
678918112
2317356451
2120750873
1490706281
1792269041
3553663422
2996601514
3410811073
3787256463
2218533843
1532198389
2299546223
823866922
2477694852
159185621
2675333719
2355177633
780718676
2133334878
2244351146
2910783828
3645698899
1752702972
2009701447
2425768847
1768443685
19821276
2415960560
4497702
936063932
3189367126
3149270705
2161636878
3578022321
1906447042
1778124732
882969797
4282165268
3890399011
1733181261
1930167414
1684200502
1127163911
646193240
403881883
3442828585
3046171176
547859176
1932154079
3060328867
3505804021
2213381047
1672342638
581995644
4197478440
3288974915
1521834555
3782667249
2630885535
3780660081
1716150366
185565483
3078169717
3527678653
564338861
258990326
689042879
4163949405
2525466745
3629159870
2766154658
4260656448
3301375610
2642020384
1734765946
2524577620
2908750892
1770786912
3443567763
2407309813
1149054846
3783082211
2991187865
2051999595
1955558425
3649665204
4009359659
419767704
3068743461
2505578175
3042017610
1811974776
1297847956
1200270871
2438776310
2306871400
1978913528
3278445233
3299566987
1896821412
274186054
1386903903
2719390028
3004346390
2720976048
2001708304
4097629418
3123827569
953993825
3694442149
3636711830
2685633995
1353848920
4143275808
2704589465
1318606727
2996649244
819870288
217214942
2914238169
744206653
2258733705
2287178610
3794862501
1116725124
191491627
605716312
3926611368
251270260
170530196
3372566156
3787151597
2047163906
3495320080
1988787620
3055086190
2735570131
1132379400
4253930227
3968953881
3826611960
3681641361
595120188
4244409856
645754370
1654766525
1609109680
1797601335
1459005416
3773168786
965061425
1885820014
1404656632
133445705
3650474020
2439307618
1820394152
3319479660
844299821
1114421140
3388894977
3360891069
3916138492
64343651
1861479228
2380486000
4223316469
84721265
842054485
549141721
2173082909
1232196245
2666947375
4261507753
1378147181
2853817739
1702665615
3322595871
2783266621
256529775
2929484663
3176319206
2608354494
4190839643
3479207442
1500486540
3433463408
3203316469
841907746
1021723388
4250818524
544646142
3647798993
2982353654
811730592
2485876872
3728415556
156598148
333301958
3344728085
497484564
3022348807
1135446466
1441424164
805587611
4197409140
4191205033
272472034
19362703
1385167752
2198741821
277341255
3090789759
3673992836
2633893547
2941633821
3274000955
619875139
3599713313
2091834338
229479561
871772467
293880520
3669754028
2251586541
1144336519
336031813
1787551147
1855617177
2555945993
1742846665
1178437891
724144202
2983844097
3859612335
2286707495
627503673
2067325546
2155240815
